CANADA EFFECTIVE GROWING DEGREE DAYS 2001-2005 DATA

Year	Toronto	 Edmonton Vancouver Montreal Saskastoon  St John's  Halifax
2001	1375.5	 583.5	   1002	     1481	342.4	   644.6     1087	
2002	1315	 604.2	   1030	     1370	298	   549.8     904	
2003	1284	 655.6	   1135	     1374	365.1	   708.5     1070	
2004	1150	 462.6	   1240      1246	352.9	   574.8     875.3	
2005	1426	 465.8	   1087	     1473	235.7	   616.8     1013	
TOTAL	6550.5	 2771.7	   5494	     6944	1594.1	   3094.5    4949.3	
AVERAGE	1310.1	 554.34	  1098.8     1388.8	318.82	   618.9     989.86
